
New line?
New line?
New line?
ALT 317.083382531 979.22 19.67
ACC 0.002 -0.143 0.303
GRY -0.831 -0.018 -0.021 52.8
ALT 316.543821639 979.28 19.66
ACC 0.003 -0.146 0.304
GRY -2.356 -0.06 -0.022 54.1
ALT 316.543821639 979.28 19.66
ACC 0.001 -0.144 0.303
GRY -4.346 -0.079 -0.022 54.9
ALT 316.642754571 979.27 19.67
ACC 0.003 -0.143 0.303
GRY -6.572 -0.13 -0.021 53.7
ALT 316.642754571 979.27 19.67
ACC 0.002 -0.143 0.302
GRY -8.877 -0.16 -0.024 55.0
ALT 316.628332801 979.35 20.31
ACC 0.001 -0.143 0.302
GRY -0.837 -0.01 -0.021 55.2
ALT 316.628332801 979.35 20.31
ACC 0.004 -0.143 0.304
GRY -2.304 -0.051 -0.023 56.4
ALT 316.970767593 979.31 20.3
ACC 0.002 -0.145 0.301
GRY -4.307 -0.077 -0.022 57.6
ALT 316.970767593 979.31 20.3
ACC 0.002 -0.143 0.303
GRY -6.514 -0.109 -0.022 56.8
ALT 316.783357799 979.33 20.29
ACC 0.001 -0.145 0.305
GRY -8.816 -0.131 -0.021 55.3